0402030104
0102010000
0401030102
0401020204
0302020003
0401020004
0401030102
0502020204
0402030102
0502040000
0202010104
0202000000
0302010004
0502010203
0402030002
0301020003
0302000002
0402010103
0401020103
0501030003
0201020103
0302020004
0501020102
0302000003
0201010203
0201010102
0501030003
0202030304
0201030102
0302010004
0402010204
0301000002
0202030104
0301020004
0202020003
0501010304
0402010304
0302020004
0401020102
0201020203
0402010003
0301010002
0201010102
0202020102
0501020204
0302040000
0101020000
0502030001
0402030204
0302040001
0501030204
0401030102
0402030102
0201020204
0402020203
0501030003
0501020304
0502020102
0302010001
0201010102
0401010204
0202020002
0501010002
0501020002
0402010102
0501020304
0301000002
0202030104
0501030004
0502010203
0201030004
0302040002
0402030204
0502010002
0501030203
0402010103
0101040000
0502010003
0202010104
0402020203
0501030001
0501020304
0501020102
0202030304
0502030103
0201000000
0302000003
0302000002
0402030001
0402010004
0302010001
0401010001
0502020001
0301010002
0501010104
0502030204
0201020204
0502020304
0201020203
0402030103
0202030104
0401030203
0501030204
0502030102
0401010203
0202020102
0401030204
0202020203
0502020204
0202030003
0402010003
0202010003
0202030003
0102020000
0502020203
0201020304
0202030102
0402020102
0501020304
0501010203
0501020204
0201010002
0201010004
0502030002
0201020002
0202030003
0201030003
0502010001
0402010104
0401010102
0202010103
0502010004
0201030103
0402010004
0501010203
0502030204
0401030002
0301000003
0202020001
0402010001
0301040003
0201030003
0502030104
0301040003
0202020003
0501010304
0502010103
0202010003
0101020000
0501010102
0202030204
0502010102
0401030102
0501020203
0502010002
0402030102
0202010204
0201010001
0402010304
0501030103
0201010304
0501020003
0202010103
0501030204
0201020003
0402020103
0502020204
0202010103
0202030002
0502020103
0302010004
0401010104
0202020104
0201030102
0202020103
0201030002
0401010103
0201030204
0202010203
0202010104
0502020304
0301040003
0502010304
0501010002
0502010102
0201030103
0501010104
0301040004
0201020304
0402030103
0501020203
0402010103
0302010003
0301040004
0401030203
0501030204
0302000001
0402030304
0502010103
0302000003
0502030001
0401030004
0301000002
0302040002
0202010003
0401010203
0201030102
0401020204
0202030204
0401010104
0301040002
0201030102
0402030204
0402010103
0401030001
0201010004
0401030003
0402010304
0202010103
0501010203
0301030002
0401020304
0501030203
0202010203
0302030001
0402030003
0401020002
0402030102
0201010203
0302010003
0402030203
0202010104
0502030204
0201020103
0502020001
0201010203
0401020004
0301010001
0501020003
0402010103
0202020102
0502040000
0202010203
0301030003
0201020304
0501010204
0501020002
0301010004
0402020204
0301030002
0502020304
0202010204
0302040002
0201030104
0402010004
0302010002
0302040002
0202010001
0502030104
0202010102
0401030003
0401020002
0201010103
0501030002
0501010102
0302030003
0401030003
0502020102
0202030104
0202010204
0202030102
0302000002
0401010004
0202030304
0301000002
0302000004
0202010002
0301000003
0501020103
0502030102
0301030001
0302000001
0502000000
0502010102
0201020102
0202030003
0302020004
0402010102
0501030102
0501010103
0402010002
0201030104
0501010204
0402010104
0501030204
0501010103
0201030001
0501010004
0402020002
0501010204
0201020204
0402010104
0302020001
0502030102
0202010104
0301040003
0501020304
0202010304
0202030002
0202030003
0202030001
0202010104
0401030102
0402020004
0401020104
0301000002
0502020004
0202030203
0201030204
0201030102
0402020002
0302010001
0402010002
0402030103
0502010203
0302040002
0201010203
0202030002
0202020104
0201010204
0501040000
0402020304
0501010001
0302010001
0501030204
0202030102
0201020102
0401010003
0302020001
0202020204
0501010002
0502010304
0402010204
0201010103
0401030001
0202010004
0302010001
0201030003
0202020103
0401010004
0402020104
0102030000
0502020001
0501010001
0501020304
0402030102
0201000000
0202010002
0401030002
0502010104
0501020104
0501030003
0302030004
0202020102
0301040002
0502030004
0101010000
0301030004
0502030104
0502010001
0501020203
0401010304
0201030203
0202010004
0502030204
0402010102
0202020204
0302000004
0502010103
0102000000
0201010102
0202010104
0202010304
0202020203
0402020103
0501010004
0202030102
0301030004
0202010004
0201010104
0501010204
0301040002
0301020002
0302010001
0401010104
0502030204
0502010204
0501010204
0202010203
0202030102
0402010203
0402030004
0301010004
0501030204
0101040000
0502020104
0402010102
0502000000
0501010204
0402020004
0501020304
0402010004
0302020002
0202020103
0402030204
0402020103
0302000004
0302010004
0301020002
0502010004
0202010102
0201010001
0201020203
0301040004
0501020203
0202010004
0202010002
0301040003
0501030103
0402010203
0501030304
0501020001
0401010104
0402030204
0301010002
0301020001
0301020002
0301010002
0502010204
0301020001
0102030000
0201030204
0302030002
0501020004
0502010001
0201030103
0401010103
0302000004
0502010203
0402020004
0501010104
0402010102
0502030204
0402010204
0201030204
0201030103
0201020002
0302000002
0201020103
0201030204
0202010103
0501030001
0402010103
0301030003
0201020004
0302000003
0402030102
0201010204
0202010002
0502010304
0501010304
0202020203
0202010304
0401020002
0201030001
0301020003
0202030103
0201030104
0501020001
0302000001
0101020000
0201020002
0201010304
0301010002
0401030204
0201020103
0202010304
0402010104
0202020003
0201010103
0202020304
0302010001
0402020104
0301020002
0401020104
0502000000
0301000002
0401020003
0502020102
0302020004
0202020003
0402010104
0401010001
0401030304
0402030102
0502020002
0401010102
0302000001
0301000004
0301030003
0501020104
0202020004
0501010102
0301010004
0401030203
0502010004
0302040001
0301010002
0302010001
0302010002
0301010003
0202030203
0401030304
0302010004
0501020002
0502030204
0301020003
0201010103
0402030204
0301020001
0301000002
0201030103
0201010104
0402010102
0302000001
0302030004
0201030103
0201020103
0202020204
0301030004
0401010103
0201030103
0301040002
0202020001
0402020103
0202030103
0402000000
0502030001
0402010002
0202010203
0201020203
0501020304
0401030204
0401020102
0201020304
0401030004
0301020001
0202020001
0501030104
0502020003
0301000002
0401030104
0301020001
0402010203
0501030204
0201030103
0502030001
0401030102
0502010304
0202010104
0402030001
0301030001
0202010002
0501020203
0401030203
0401020204
0402010003
0402020004
0501010003
0401030001
0402020103
0502020103
0501030203
0502010304
0201010103
0502020203
0201010204
0101020000
0502010002
0101040000
0502030102
0502020102
0501020001
0501030104
0502020304
0402030104
0201030204
0202010103
0302030002
0502020203
0302020003
0401030103
0202020204
0202010103
0201030102
0501030103
0402010102
0402010102
0502010304
0501030002
0301030004
0502010104
0201040000
0101030000
0301010004
0302020002
0502010203
0302000002
0302010002
0201010102
0202010104
0502020003
0202020104
0401010001
0502010102
0302000002
0501010204
0302030001
0201030204
0302040000
0201030304
0101000000
0502030203
0502030103
0202010104
0402020103
0502010104
0101000000
0501020103
0301020001
0502030203
0202020104
0401020004
0502010001
0401010304
0202030002
0301010002
0401020204
0301000004
0501030003
0202030203
0502010001
0401020203
0402030204
0202010204
0301020003
0301030003
0201010304
0501020003
0401010103
0401040000
0201020104
0302040004
0402020001
0402010304
0401030304
0202010003
0201020204
0202010204
0402010102
0201030003
0201030304
0402020002
0401030003
0201030203
0401010102
0202010204
0302010004
0502000000
0502030204
0202020003
0502020004
0202030304
0302020004
0502020104
0401030204
0201030003
0302020003
0401010204
0101030000
0201020002
0402030103
0402030104
0202010204
0202010104
0402010103
0301030002
0301000002
0402010104
0502030204
0202030104
0401010204
0202030204
0301020004
0401010104
0502030203
0302040003
0101000000
0401010103
0202020304
0301000003
0201010102
0402010103
0301020002
0502010103
0501030104
0501020003
0501030104
0501030204
0501010203
0301040003
0402020103
0401020103
0401020104
0402010103
0201010204
0302040002
0201030104
0502020103
0501010001
0302000001
0202030204
0401020102
0402030204
0202020204
0301010002
0202020004
0301010001
0502020103
0201020203
0501030203
0401010103
0302020001
0501020002
0501010001
0501030304
0502010002
0302040001
0502010002
0402030103
0202010102
0301020002
0402020104
0201030002
0502030001
0502010203
0402030304
0302040004
0501020304
0202020004
0201030204
0202010103
0202010001
0301040003
0401010304
0402030002
0201030203
0402030103
0302020003
0102020000
0202010001
0202020103
0201010103
0402030304
0401010104
0401020103
0501020304
0402010102
0202030102
0302010004
0402030102
0202030102
0201030104
0401020102
0401030104
0501030203
0501010004
0201020103
0402020104
0501010103
0302000002
0102040000
0202020103
0201010304
0401000000
0401010204
0501010001
0302000004
0401030204
0302010001
0302020001
0301040001
0201010204
0501020104
0401020002
0301000003
0302020001
0501020003
0402020001
0401010102
0501030204
0501030001
0502030002
0501030203
0202020203
0402010001
0401010103
0201010102
0202020203
0301020003
0501010002
0402020102
0401020004
0302000003
0202010001
0202010003
0202010001
0302040001
0202010103
0502010304
0402010102
0302000002
0201030304
0501030102
0201010001
0201000000
0501020104
0401010204
0501010001
0402010004
0202010004
0302020003
0202020203
0501010203
0201020103
0501030204
0501030002
0302020003
0401010204
0202020004
0402030104
0502010102
0502020001
0301040003
0302000002
0301000003
0202010104
0301000004
0502020304
0502030204
0301040003
0102030000
0501020204
0402010204
0402020304
0402030204
0401040000
0302000001
0401030102
0501020103
0301030003
0402010104
0401020102
0501000000
0401020002
0202030001
0402020102
0201010204
0502030004
0502030204
0202020203
0201010002
0401010104
0202020003
0202030204
0402020204
0202030203
0502030304
0501030304
0401010103
0201010204
0301020001
0402020204
0202020004
0301040000
0201030002
0302000002
0401020204
0201010304
0302000004
0302020001
0402030103
0402030102
0402030102
0302010002
0301000004
0502010004
0202010102
0501030204
0201010103
0502010204
0401020104
0201010103
0501010003
0201010002
0501030104
0202030103
0501010003
0501030104
0202020102
0201020002
0502020104
0202020102
0302020001
0202010204
0401010203
0402010104
0501020102
0101010000
0401030001
0201030203
0401010204
0501030001
0202040000
0302010002
0301040000
0301030002
0501030204
0402010203
0202030104
0301020003
0502020203
0201010203
0501020104
0302020001
0501010004
0202020004
0402010102
0201010001
0301040001
0401010104
0201030002
0301000003
0502010304
0201010003
0501010104
0302020003
0301010002
0501030104
0301030003
0401030104
0202030102
0202030304
0202030102
0502020104
0501020002
0502010103
0301010003
0301040000
0502010004
0102030000
0502020103
0502010103
0202020204
0401020103
0302000002
0502020103
0501010304
0201010102
0401030204
0302040004
0402000000
0301040001
0401020104
0302000002
0502010104
0301020001
0202020004
0202020001
0202030103
0302030003
0501020304
0302010001
0502010304
0301020003
0501030102
0302000004
0301000003
0201010304
0501010203
0502020304
0302030004
0201020304
0502010104
0102010000
0202040000
0202030304
0401020004
0202030003
0301000002
0202030204
0502010203
0201030104
0401030204
0201010102
0201030104
0301040002
0301000002
0401020103
0302040004
0402030002
0202010102
0401040000
0201030304
0502020204
0502000000
0501030102
0502030204
0201010001
0301020002
0202010103
0202030103
0501030103
0202020102
0501020204
0301030001
0401020103
0202040000
0302020001
0201020304
0501020004
0302000004
0202010103
0201020104
0501020104
0301040003
0101000000
0202030304
0201030103
0502010104
0402020204
0401030002
0402020103
0202030204
0401030001
0502010103
0301040003
0401010103
0402020104
0402020203
0102020000
0502030203
0301040002
0502030102
0202020102
0201030304
0301030004
0202020102
0202020203
0501020304
0401020004
0502010203
0202030204
0301010004
0402020102
0401030003
0401010104
0202030102
0502010102
0201030104
0502040000
0201030003
0501010204
0302040001
0202020204
0302040002
0201020104
0301000003
0401010103
0502010304
0202010102
0401000000
0501030304
0402030002
0502010204
0402010102
0501020004
0401030203
0401030001
0401030104
0202030104
0201010304
0502020103
0202020001
0201020104
0402020204
0502010203
0502010103
0402020103
0201010204
0301040004
0501010003
0502030304
0202010103
0301000001
0401030102
0202030002
0302030003
0101020000
0301000003
0501010002
0502020001
0402020003
0401010204
0202030304
0301000001
0402030204
0202020204
0302010003
0501010204
0402020204
0501000000
0502020104
0402010104
0201020304
0301020002
0301030004
0401030204
0302000002
0401020004
0302000001
0202020104
0202020003
0502030002
0501040000
0402010003
0401030103
0202040000
0301010003
0302020001
0501010002
0502010104
0301020001
0202010004
0501020203
0301030004
0101020000
0101010000
0202030103
0301020001
0201030002
0501010104
0201020203
0502010002
0501010004
0202040000
0502010204
0402020203
0202030103
0502030103
0301040001
0202020103
0201010204
0501030102
0202030103
0502010203
0502020304
0301030004
0502020003
0202010103
0502030001
0202030204
0502030204
0201010001
0402030204
0202010103
0302010002
0401010102
0202040000
0302040002
0401010304
0501030102
0301000000
0202030304
0402010203
0402020001
0302040000
0402010304
0502020001
0302000004
0502030102
0201020004
0402010304
0501020203
0101010000
0402000000
0102010000
0201030102
0301000001
0502030103
0401030104
0402030003
0401010004
0302030001
0402030002
0502020104
0501030304
0202020004
0501010203
0401030204
0402020103
0302020002
0201020203
0402030203
0202030104
0201020103
0302020002
0202030004
0402020102
0301030003
0202010304
0302040004
0301020002
0302000003
0201020104
0401030204
0202010102
0401030204
0201020104
0301010003
0201020103
0402010304
0202020102
0202010204
0301000001
0402010204
0401000000
0401000000
0301040003
0502020102
0202010103
0302010003
0202020001
0401010304
0301040004
0401020004
0201020102
0501020304
0401010104
0302000004
0201030103
0302030004
0501020004
0302040001
0302030003
0402010304
0102000000
0202010002
0201030102
0402020001
0502010001
0201030103
0202020203
0201030304
0301010002
0402010003
0302020002
0301000002
0401020001
0301040002
0502010104
0202010001
0302040001
0202010203
0302040002
0401030204
0501030004
0401030003
0101020000
0301040003
0501020104
0501010102
0202010304
0402020204
0402030102
0401030003
0402030304
0501010304
0301020002
0402020203
0301010004
0402020004
0201030002
0201010304
0301020004
0201020203
0202010304
0301030001
0301020002
0201020002
0202010002
0201010103
0502010001
0501010102
0201030103
0201020001
0202020203
0501030004
0401020104
0502010003
0201010104
0402010102
0402020103
0302020002
0201010102
0201020004
0202010103
0402030003
0501030204
0501020204
0201010304
0302040000
0402020304
0401010104
0402030104
0501020204
0202020004
0302030004
0402010103
0202010104
0201030001
0402020001
0301040004
0201030002
0302020003
0301000001
0202030203
0202010003
0301040002
0201030001
0201020204
0201010203
0501010102
0202030204
0402010203
0202030104
0402030203
0301010002
0202020304
0402030002
0501020203
0301020004
0502020203
0402020103
0402020103
0502030104
0301030002
0402040000
0201030204
0401020204
0302040004
0201020102
0301040000
0402010003
0402010204
0402000000
0201030304
0502020102
0302030001
0502030204
0501040000
0201010204
0402020203
0201030204
0502030304
0402020001
0201030103
0402020204
0401020203
0501030102
0202010203
0401020304
0502030102
0502030204
0202030204
0201030304
0502030001
0402030002
0502020304
0402010002
0202030304
0201010002
0501030102
0302040002
0201010204
0202030004
0202030001
0502010002
0201020003
0501020203
0201020004
0402020004
0402030002
0502030003
0302000004
0202020102
0301040004
0102010000
0301010002
0301030003
0501020001
0201010103
0502020102
0401030203
0302040003
0401020304
0202020203
0502010003
0302000002
0202020304
0202020304
0502030102
0401010203
0402030003
0301040001
0401030304
0401020203
0402010104
0402020204
0302000004
0202020104
0501010001
0301010003
0301020003
0301030004
0501020003
0201030102
0202010103
0202020204
0202010102
0302040001
0401030203
0302040003
0201010104
0502000000
0401010003
0302000001
0301030004
0401010102
0402030203
0501030304
0202030003
0502030102
0401010104
0501010103
0402010104
0501040000
0501010003
0502030001
0201010204
0301030001
0201030204
0202030102
0301030002
0401020104
0202010203
0202030204
0402010104
0301030004
0202030102
0202030103
0501030002
0502010204
0501000000
0502010104
0502000000
0501030304
0302010002
0202040000
0501030203
0202040000
0202030104
0301010003
0402010102
0401010001
0401030203
0202020304
0202030003
0501010102
0501020104
0402030102
0401010104
0201010002
0302020001
0401010203
0402010102
0201020004
0201020002
0302000001
0502010204
0301020001
0102010000
0401030203
0401020103
0201030001
0202010102
0502020001
0501020102
0201020004
0402020102
0301030002
0301040004
0302030004
0502020204
0502030304
0201010002
0502010102
0502040000
0402030203
0402020103
0502030103
0201030003
0502030204
0501020204
0401030104
0502020104
0502010203
0401020102
0402030102
0502030002
0401020204
0401030102
0201030103
0301000003
0401020002
0402010104
0301040001
0401020204
0402010304
0201020004
0301000004
0202010103
0501030203
0402010002
0502010203
0401020304
0201020104
0302000003
0202040000
0402020203
0402010203
0202020103
0401010002
0202010304
0502010004
0301020004
0202030001
0401020304
0301030003
0501000000
0502020103
0302010002
0502020102
0501020104
0501030103
0501020003
0501020002
0502030304
0501010102
0201010304
0101000000
0502010004
0502010104
0402020104
0302020002
0402010104
0301020003
0201030204
0502020203
0201030102
0201010104
0501020002
0301040004
0302010002
0201030003
0302030001
0402000000
0402030004
0502010104
0402010304
0301000000
0502030102
0302030002
0402030203
0202010102
0302020003
0501010204
0502010001
0201030204
0401020103
0302020002
0501020204
0301040002
0402020304
0502010204
0301000003
0501010102
0202020002
0501020001
0201030102
0501030002
0402030102
0402010203
0502020204
0502020004
0402020203
0302040004
0201030002
0402030203
0501030304
0202030103
0202020104
0402010104
0302000003
0402030102
0202010102
0301040001
0401020001
0502010102
0301010001
0501010204
0302030001
0401010004
0202020102
0301030003
0402030304
0402020001
0501010002
0401010001
0201040000
0102020000
0302030001
0202020103
0202020203
0102010000
0101000000
0401020304
0501020203
0201030104
0201030304
0201010002
0202010203
0501010103
0202020104
0301000003
0402010004
0301030004
0401020203
0402030204
0102000000
0202030304
0201030304
0201020203
0502030002
0401030104
0202030001
0202030003
0501020204
0501010203
0301000004
0302020002
0301010004
0501020203
0402030204
0401010104
0501040000
0502010204
0501040000
0301030004
0301000004
0201020304
0502010203
0302000004
0402010102
0302000001
0202030104
0202030204
0302000002
0401020203
0201000000
0402040000
0201020102
0502020003
0301010004
0401030003
0202010003
0402020001
0202010304
0202010002
0501020103
0501010003
0201020304
0401020004
0502020102
0502010204
0302010004
0502010203
0402020001
0101020000
0502000000
0501010103
0401020102
0401010204
0401010102
0402020203
0502020204
0402020304
0302030001
0301000003
0302010001
0502020102
0402010102
0202010304
0201030001
0201020103
0401030004
0201010004
0401000000
0402020104
0302010004
0202030204
0202040000
0201000000
0502020204
0502030104
0402020102
0202030001
0302040004
0101010000
0301010001
0402010204
0302020003
0501010203
0501010002
0301030003
0502020103
0501020001
0402030102
0501030003
0402030204
0301030004
0301030001
0502030204
0201030204
0201010104
0202030104
0501030003
0302020001
0501020102
0302040003
0402020104
0401030003
0202020203
0502030103
0202030304
0202020001
0202010304
0501010001
0501030204
0301020004
0201020001
0501020102
0401020102
0501010204
0501020003
0401010204
0402010104
0302000001
0302000001
0302000002
0301030001
0402030102
0401010103
0401030004
0501010103
0401010102
0402010004
0401010103
0402030304
0502020102
0301030004
0501010001
0501020102
0202030002
0401010102
0501030103
0301030004
0501010204
0402010001
0402020304
0502030203
0401010204
0202010003
0202010203
0401030104
0301020004
0202030104
0502030104
0302040003
0402010204
0501030103
0501010104
0302000002
0101040000
0201020203
0201030304
0202010304
0502010203
0302020002
0501030203
0401030104
0202030103
0502020004
0201020304
0401010001
0502020103
0302000003
0402010103
0201010304
0201010102
0401030203
0202030204
0401030102
0502020001
0201020004
0501020103
0502000000
0502010203
0501010204
0201030104
0402020102
0201030104
0302030002
0401030204
0201010002
0402020203
0102010000
0201000000
0302010004
0301020002
0501040000
0302000004
0302030002
0502020102
0302030003
0302000003
0201010102
0201030001
0502030002
0302010004
0401030103
0501010103
0401030004
0401020204
0201000000
0402010002
0201010304
0502010203
0402030004
0302000001
0502010304
0201020203
0201030003
0401030204
0402030003
0201010203
0302030004
0202010203
0201010203
0202020304
0202020001
0201010304
0502030004
0401000000
0301030001
0201030103
0401010204
0401010104
0501020304
0201030304
0302030003
0201030304
0201030003
0401010304
0401030001
0101020000
0502040000
0301010004
0501020304
0502010102
0402010103
0501020204
0401020304
0301010004
0301010002
0202030103
0201010102
0302010002
0201030103
0402030003
0202010102
0501010103
0502010204
0502020304
0202010204
0302020003
0202010102
0502010203
0201030104
0202020004
0302000000
0401030004
0302010004
0302000003
0502010204
0502020004
0502020304
0401010102
0301010002
0402020104
0502020102
0401010103
0201030203
0502020004
0201010103
0502010304
0402030102
0502030104
0502010304
0302040003
0401020104
0402010003
0502020104
0402010002
0502030103
0201020102
0402020001
0401010102
0401020103
0302020002
0401010104
0501010104
0502010104
0501020004
0202010304
0401030104
0401010204
0201030104
0501010103
0201030304
0302020003
0501010001
0302000001
0402020204
0502010203
0501020102
0502020102
0202030203
0202010102
0501020103
0401010103
0201020103
0402020304
0101010000
0301010003
0501030002
0202020103
0402010304
0201030001
0101030000
0401030104
0402010002
0502010002
0502030203
0102010000
0201030102
0202010102
0201020204
0302020003
0502020001
0502020002
0401020204
0301010002
0501020204
0201020304
0502010004
0401010104
0401030304
0401030002
0202020103
0502030204
0201020203
0502010103
0202030102
0202030102
0501010103
0402010304
0401020104
0202010103
0401020102
0402010003
0201020003
0202030203
0502020102
0202020104
0502010004
0502030001
0401010003
0302000001
0201010001
0202020102
0402030003
0401020102
0301000001
0502020104
0501030104
0201010002
0302010004
0201030304
0402010203
0202010104
0502010001
0202020002
0301030003
0501010102
0402020204
0502020104
0301000001
0301030001
0202010102
0202030004
0301040003
0501020204
0202010104
0102000000
0301010001
0402030103
0402010102
0501020204
0502010103
0502020103
0301030003
0502010002
0402010103
0302010002
0302030002
0202030304
0302030003
0301010002
0401030203
0202030104
0201030103
0401010104
0501030103
0502020003
0302010004
0401020103
0401020103
0202010304
0201030104
0101020000
0502010002
0401030004
0502010004
0202020102
0402010002
0502030204
0202020003
0401010104
0501000000
0402010004
0201030002
0501030104
0202030203
0201020103
0302030002
0402020204
0401020004
0302000002
0402030304
0301040004
0201030203
0201030204
0202010204
0402010103
0202020104
0202030102
0302030004
0501030104
0501020102
0202010003
0301040004
0401020203
0302000004
0402010002
0202030102
0202020203
0401030104
0501020103
0501010002
0401030304
0502030001
0302000004
0301000002
0301000003
